3 0.32421875 0.12109375 0.13125 0.128125
3 0.45234375 0.19921875 0.128125 0.1234375
3 0.92265625 0.10078125 0.1546875 0.1515625
3 0.27265625 0.5546875 0.140625 0.14375
3 0.17265625 0.7375 0.13125 0.1375
3 0.06796875 0.50234375 0.1359375 0.2546875
3 0.61484375 0.528125 0.146875 0.15625
3 0.8640625 0.5796875 0.271875 0.371875
3 0.54921875 0.79921875 0.35 0.2
3 0.29921875 0.9703125 0.178125 0.059375
3 0.6828125 0.96640625 0.428125 0.0671875
3 0.86640625 0.85 0.1875 0.1375
3 0.440625 0.34296875 0.11875 0.10625