3 0.66171875 0.09921875 0.1375 0.134375
3 0.52890625 0.18046875 0.134375 0.128125
3 0.0609375 0.07890625 0.121875 0.1578125
3 0.71484375 0.54765625 0.1453125 0.1484375
3 0.81796875 0.73671875 0.1375 0.1421875
3 0.92890625 0.49296875 0.1421875 0.265625
3 0.36015625 0.5203125 0.15 0.1625
3 0.121875 0.5734375 0.24375 0.384375
3 0.42890625 0.80078125 0.3625 0.20625
3 0.68671875 0.97421875 0.1828125 0.0515625
3 0.290625 0.96953125 0.4421875 0.0609375
3 0.1 0.853125 0.19375 0.1421875
3 0.540625 0.328125 0.121875 0.109375